alif:
M 208 20 Q 212 44, 202 38 Q 192 32, 202 60 Q 212 88, 200 76 Q 188 64, 200 94 Q 212 124, 204 154 Q 196 184, 214 178 Q 232 172, 224 198 Q 216 224, 208 252 Q 200 280, 218 276 L 236 272

baa:
M 220 92 Q 224 144, 190 164 Q 156 184, 146 202 Q 136 220, 140 228 Q 144 236, 152 222 Q 160 208, 188 208 Q 216 208, 218 172 Q 220 136, 156 128 Q 92 120, 92 130 Q 92 140, 74 148 L 56 156

thaa:
M 220 72 Q 224 120, 208 126 Q 192 132, 170 160 Q 148 188, 120 210 Q 92 232, 86 196 Q 80 160, 112 158 Q 144 156, 176 170 Q 208 184, 234 166 L 260 148

thaaa:
M 156 92 Q 212 140, 212 142 Q 212 144, 212 180 Q 212 216, 234 190 Q 256 164, 206 146 Q 156 128, 158 136 Q 160 144, 128 154 Q 96 164, 100 172 Q 104 180, 132 194 Q 160 208, 160 224 Q 160 240, 166 240 Q 172 240, 130 216 L 88 192

jim:
M 76 92 Q 72 120, 106 110 Q 140 100, 142 118 Q 144 136, 108 168 Q 72 200, 76 176 Q 80 152, 78 168 Q 76 184, 80 226 Q 84 268, 116 272 Q 148 276, 170 254 Q 192 232, 154 236 Q 116 240, 142 246 Q 168 252, 142 230 Q 116 208, 116 150 L 116 92

haa:
M 168 132 Q 224 176, 230 198 Q 236 220, 240 226 Q 244 232, 226 220 Q 208 208, 190 220 Q 172 232, 184 208 Q 196 184, 174 184 Q 152 184, 160 168 Q 168 152, 176 204 Q 184 256, 194 252 Q 204 248, 156 248 Q 108 248, 134 192 L 160 136

khaa:
M 180 64 Q 180 96, 214 116 Q 248 136, 216 152 Q 184 168, 166 202 Q 148 236, 174 242 Q 200 248, 222 258 Q 244 268, 216 268 Q 188 268, 158 266 Q 128 264, 134 224 Q 140 184, 150 160 Q 160 136, 138 124 Q 116 112, 132 132 L 148 152

daal:
M 160 80 Q 204 112, 220 136 Q 236 160, 236 192 Q 236 224, 212 242 Q 188 260, 152 258 Q 116 256, 106 232 Q 96 208, 124 208 Q 152 208, 172 194 Q 192 180, 174 156 Q 156 132, 162 116 Q 168 100, 168 106 Q 168 112, 192 156 Q 216 200, 168 210 L 120 220

thaal:
M 140 52 Q 168 72, 152 82 Q 136 92, 162 110 Q 188 128, 204 156 Q 220 184, 208 220 Q 196 256, 168 260 Q 140 264, 114 250 Q 88 236, 110 226 Q 132 216, 156 208 Q 180 200, 158 168 Q 136 136, 144 134 Q 152 132, 172 182 Q 192 232, 152 236 L 112 240

raa:
M 152 56 Q 156 112, 154 146 Q 152 180, 128 198 Q 104 216, 112 226 Q 120 236, 160 206 Q 200 176, 182 208 Q 164 240, 130 250 Q 96 260, 148 190 Q 200 120, 184 96 L 168 72

zaa:
M 172 64 Q 156 88, 178 106 Q 200 124, 198 168 Q 196 212, 168 228 Q 140 244, 130 252 Q 120 260, 164 246 Q 208 232, 198 182 L 188 132

sin:
M 232 104 Q 240 196, 210 188 Q 180 180, 174 182 Q 168 184, 126 212 Q 84 240, 76 200 Q 68 160, 56 168 Q 44 176, 88 166 Q 132 156, 162 150 Q 192 144, 208 126 L 224 108

chin:
M 208 80 Q 172 120, 194 144 Q 216 168, 228 166 Q 240 164, 214 126 Q 188 88, 166 158 Q 144 228, 112 222 Q 80 216, 78 200 Q 76 184, 92 218 Q 108 252, 140 242 Q 172 232, 182 212 Q 192 192, 214 200 Q 236 208, 228 196 L 220 184

saad:
M 216 104 Q 228 176, 228 184 Q 228 192, 214 168 Q 200 144, 184 142 Q 168 140, 144 146 Q 120 152, 128 180 Q 136 208, 110 210 Q 84 212, 64 178 Q 44 144, 44 184 L 44 224

taaa:
M 128 64 Q 120 112, 120 136 Q 120 160, 120 184 Q 120 208, 112 226 Q 104 244, 102 234 Q 100 224, 140 196 Q 180 168, 202 172 Q 224 176, 196 198 Q 168 220, 202 212 Q 236 204, 212 228 Q 188 252, 170 200 Q 152 148, 152 124 Q 152 100, 144 92 L 136 84

thaad:
M 128 100 Q 140 180, 140 212 Q 140 244, 118 250 Q 96 256, 122 266 Q 148 276, 186 248 Q 224 220, 206 232 Q 188 244, 212 230 Q 236 216, 212 184 Q 188 152, 184 172 L 180 192

aaa:
M 168 52 Q 208 72, 182 90 Q 156 108, 188 126 Q 220 144, 220 114 Q 220 84, 172 90 Q 124 96, 146 122 Q 168 148, 146 138 Q 124 128, 126 170 Q 128 212, 130 234 Q 132 256, 162 266 Q 192 276, 212 260 Q 232 244, 226 236 Q 220 228, 166 212 L 112 196

gaa:
M 156 36 Q 152 72, 174 82 Q 196 92, 198 104 Q 200 116, 168 102 Q 136 88, 120 116 Q 104 144, 100 176 Q 96 208, 106 222 Q 116 236, 128 260 Q 140 284, 168 272 Q 196 260, 202 278 Q 208 296, 168 270 Q 128 244, 124 200 Q 120 156, 156 154 Q 192 152, 194 162 Q 196 172, 154 198 L 112 224

faa:
M 188 60 Q 196 104, 196 130 Q 196 156, 200 146 Q 204 136, 176 126 Q 148 116, 154 146 Q 160 176, 162 202 Q 164 228, 158 220 Q 152 212, 126 220 Q 100 228, 68 216 Q 36 204, 36 184 Q 36 164, 84 198 L 132 232

kaa:
M 144 64 Q 156 64, 180 76 Q 204 88, 192 98 Q 180 108, 190 134 Q 200 160, 168 142 Q 136 124, 144 158 Q 152 192, 162 202 Q 172 212, 142 218 Q 112 224, 102 182 Q 92 140, 80 154 Q 68 168, 74 206 Q 80 244, 104 246 Q 128 248, 138 256 Q 148 264, 166 228 Q 184 192, 202 192 L 220 192

kaaf:
M 216 76 Q 140 164, 152 172 Q 164 180, 128 180 Q 92 180, 84 200 Q 76 220, 96 220 Q 116 220, 156 220 Q 196 220, 216 220 L 236 220

lam:
M 200 40 Q 192 92, 192 116 Q 192 140, 192 164 Q 192 188, 172 212 Q 152 236, 138 250 Q 124 264, 106 234 Q 88 204, 104 212 Q 120 220, 164 230 Q 208 240, 206 148 L 204 56

mim:
M 168 92 Q 132 132, 164 142 Q 196 152, 164 160 Q 132 168, 114 184 Q 96 200, 96 224 Q 96 248, 114 258 Q 132 268, 132 244 Q 132 220, 150 202 Q 168 184, 190 190 Q 212 196, 218 162 Q 224 128, 218 140 L 212 152

noun:
M 144 92 Q 148 120, 164 130 Q 180 140, 186 164 Q 192 188, 168 208 Q 144 228, 142 238 Q 140 248, 164 252 Q 188 256, 190 244 Q 192 232, 134 216 Q 76 200, 88 178 Q 100 156, 110 156 L 120 156

haaa:
M 124 76 Q 192 92, 208 114 Q 224 136, 196 142 Q 168 148, 146 178 Q 124 208, 152 220 Q 180 232, 210 236 Q 240 240, 224 252 Q 208 264, 154 252 Q 100 240, 102 214 Q 104 188, 122 156 Q 140 124, 126 114 Q 112 104, 136 118 L 160 132

waaw:
M 148 68 Q 200 92, 210 126 Q 220 160, 210 196 Q 200 232, 168 254 Q 136 276, 118 274 Q 100 272, 120 250 Q 140 228, 148 202 Q 156 176, 136 156 Q 116 136, 146 142 Q 176 148, 182 124 Q 188 100, 146 100 Q 104 100, 100 126 Q 96 152, 118 176 Q 140 200, 154 218 L 168 236

yaa:
M 168 68 Q 208 104, 202 98 Q 196 92, 172 122 Q 148 152, 150 122 Q 152 92, 164 138 Q 176 184, 166 208 Q 156 232, 132 228 Q 108 224, 82 186 Q 56 148, 76 134 Q 96 120, 100 152 Q 104 184, 104 220 Q 104 256, 156 208 L 208 160

